56,8
56,7
56,6
56,5
56,4
55,10
55,9
55,8
55,7
55,6
55,5
55,4
0,461
0,460
0,459
56,3
56,2
56,1
56,0
55,3
55,2
55,1
55,0
0,458
0,457
0,456
0,455
0,454
0,453
0,452
0,451
0,450
0,449
54,10
54,9
54,8
54,7
54,6
54,5
54,4
54,3
54,2
54,1
54,0
0,448
0,447
0,446
0,445
0,444
53,10
53,9
53,8
53,7
53,6
53,5
53,4
0,443
0,442
0,441
0,440
0,439
0,438
0,437
0,436
0,435
53,3
53,2
53,1
53,0
0,434
0,433
0,432
0,431
0,430
0,429
0,428
52,10
52,9
52,8
52,7
52,6
52,5
52,4
52,3
52,2
52,1
52,0
0,427
51,10
51,9
51,8
51,7
51,6
51,5
51,4
0,426
51,3
51,2
51,1
51,0
0,425
50,3
50,2
50,1
50,0
46,10
46,9
46,8
46,7
46,6
46,5
46,4
47,7
47,6
47,5
47,4
0,424
0,423
0,422
0,421
45,9
45,8
45,7
45,6
45,5
45,4
0,420
0,419
49,3
49,2
49,1
49,0
48,3
48,2
48,1
48,0
47,3
47,2
47,1
47,0
46,3
46,2
46,1
46,0
45,3
45,2
45,1
45,0
